10
10
67767
127547
182773
539601
540249
575346
577022
632277
712345
980665
10
44576
103570
160104
282523
430566
453044
514776
696576
848473
900851
10
69564
78144
283796
547473
567827
618812
695990
825595
889449
990758
10
81822
180499
449965
571754
649174
671448
681570
746601
765339
815739
10
73389
278214
286009
369653
434515
504150
531038
576324
834559
848164
10
114526
135296
199870
451716
517441
609649
615034
844719
925011
940434
10
61414
82758
134439
263171
750854
760897
779147
937225
967608
986807
10
4431
50785
93894
327802
379190
380819
680539
832978
848703
967777
10
72676
298589
304540
337515
362071
387723
600104
743058
865656
897227
10
95282
129907
255456
317572
337928
345300
641034
678697
823312
883294
