139
353
562
1192
1721
4830
7508
9608
10311
12240
15454
15979
16438
17736
18101
18247
19726
19778
20357
22552
22855
23081
23507
24803
27036
30337
31755
32827
33061
33536
35713
37612
38282
38725
39396
41988
42309
42894
43355
43432
44387
44524
45546
45584
47336
48173
51904
52212
52214
52247
52555
54588
55626
55740
58133
59365
60741
61492
61728
62614
62967
63966
67229
67388
68070
70909
71105
71938
72786
74613
74712
77354
79020
79789
82485
82732
84863
85896
86354
87074
87417
87856
88697
89805
90412
90811
91534
91800
92032
95163
97904
98677
99167
99600
102417
102584
102813
103035
104824
105387
106063
106191
106428
107074
109840
110212
110517
110738
112269
113216
113396
114474
115189
116807
118778
118780
119412
122166
123358
123360
124356
124691
128268
128339
129465
129533
129886
132058
136438
136814
138665
139023
140221
140703
141215
141217
141904
143331
143565
143853
144863
146089
146453
146792
148501
149876
150233
150464
151969
153088
153192
153800
156183
157225
158498
158968
159771
160767
162713
162987
162999
163263
164863
166412
168061
169138
169242
169299
171369
171804
171861
173731
175402
177283
179634
180285
183308
183992
186462
187248
187370
188825
189024
190884
191102
191191
191206
191309
192004
193184
193983
195242
196094
197292
197499
202520
202527
202953
203284
204541
204627
205234
205528
208394
210880
210973
211393
211484
212107
212146
214220
215937
216353
217690
217887
219733
219742
220179
224436
224538
227251
228529
232545
232692
233449
234187
234229
234439
234661
234890
235759
236198
237558
237995
239561
240872
241891
241901
242285
242463
242774
244565
244765
245386
245843
248122
248226
249746
250667
251083
252854
254270
255128
255249
258155
258946
260051
260534
261684
264508
265322
265326
266432
269440
270650
270760
272031
273243
273662
274546
275592
278182
279245
283335
286282
286655
287124
287392
287483
287859
288573
289692
291184
291473
292539
293924
294957
294984
296309
296358
296475
296882
297865
299364
301499
301659
302705
303589
304016
304124
305527
306122
308400
309207
309966
312449
312684
313189
313976
315147
316357
316883
320775
322313
323869
324536
325204
325548
325769
325858
326621
326749
326891
327236
328771
328824
331509
333976
334189
334854
334949
337553
339334
340635
342635
343144
344838
345732
347544
348757
348889
349252
349518
350191
352522
352958
353123
353941
354499
354621
354654
354668
356820
358906
358932
359955
360950
362387
362507
363984
366509
366531
366742
368285
368350
369248
369956
369957
371075
373596
374745
375904
376396
378815
379808
379986
380264
380848
383941
384414
384884
384991
385310
385363
385424
386156
386405
387150
387483
387555
387895
388980
390575
392273
393366
394015
395901
396225
398125
399578
399884
400888
401416
402045
406190
406687
407371
407427
408916
409341
411297
412165
412400
413175
413705
415170
417270
418844
419358
419539
420164
421203
421530
422315
422916
423611
424384
427079
428066
428445
429282
430082
431040
431139
431383
431549
433069
434207
434738
434973
435398
435829
436506
439929
440573
441194
441318
444277
444506
444868
447923
448716
448737
449249
450571
451397
452325
452517
454249
456976
459688
460366
460863
461085
462341
462457
462728
464362
464721
467278
467690
468953
469287
471767
471964
473999
474109
474175
475089
476637
476784
477750
480917
481100
482267
483521
485259
486289
486744
487609
487921
488291
489128
489558
491412
491833
491859
493766
494077
494674
494844
496456
497589
498248
498386
500114
500229
501488
501635
502444
505754
505801
506530
507822
507979
509334
510197
510788
515719
516417
516623
516683
519779
520216
521778
522476
523572
524968
525181
525607
526236
526248
527424
527646
529726
530923
531694
531808
532876
533813
533908
534369
534473
534511
534699
536054
536854
537577
542375
543018
543532
543584
544023
544304
544776
545034
545421
546070
546689
548064
549061
550006
553297
554190
554681
555294
557211
557918
558100
558454
558841
560743
562392
564470
565572
567416
568028
568345
571831
573283
573634
574581
575033
575290
577731
580237
580877
582851
583957
587784
587805
587937
589246
589316
589566
591703
591920
592328
592389
593000
593754
594879
594991
595850
596429
598001
602058
602134
602393
605854
606387
606565
607099
607245
607465
609465
611280
611300
612883
613162
613176
613771
615367
616219
616416
616462
617616
617623
622965
622975
626860
627954
628177
630094
635124
635482
637229
638563
639127
640214
644872
645623
645694
645877
647896
648248
648810
648919
648998
649672
650016
651537
655430
656964
656982
657412
661652
661707
662735
663947
664481
665495
665517
667041
668405
668588
669043
670505
670776
670903
673173
674134
675079
676333
678746
679606
680714
680932
681842
685048
687672
688073
688762
688853
689345
689868
689938
690465
690623
691385
692691
693267
693280
695583
695771
697075
698194
700412
701967
703796
704209
704439
704775
705219
705337
706662
708490
708739
710710
712599
713649
713735
717188
719776
720539
720702
721268
721439
721782
721798
724728
725743
726904
727234
728025
728092
728215
728278
728953
729099
729537
731365
733463
733484
734383
734497
735543
737195
737973
738741
741191
741988
742402
744042
745108
745570
749933
751586
752064
752552
752688
752984
753008
754391
755051
756740
758521
758937
758996
761241
762568
762830
763425
763470
764586
766545
768089
769656
770225
771643
772180
772260
772435
772913
774714
777272
777487
780837
781378
781564
781893
782308
783405
783676
784348
785937
786259
786751
787775
790139
790942
791364
791382
791493
795305
795542
796939
798195
798524
798683
798683
799167
799344
800212
801271
801428
803004
803290
804796
804829
808968
809660
809986
810407
811607
811669
811856
812683
814361
814848
815555
815890
816386
816825
816923
817525
817660
818466
819981
820223
820465
820514
821898
821946
823235
825151
826974
827234
828096
829005
830786
830817
831303
832667
833065
833664
837617
837675
837958
838605
840253
841924
842413
842975
846218
847186
849880
850367
851228
851751
851814
852778
853235
853452
854442
854859
855087
857033
858015
859159
859509
860731
860768
862819
863576
863998
867880
869792
870441
870600
872594
873832
874659
874771
875589
876636
877008
878449
878512
879108
880469
880598
881157
883175
883649
885764
886467
887892
888475
893344
894046
894666
894815
894816
895154
896097
896167
896610
896622
898229
898482
898946
900439
903189
905006
905228
905502
905839
906151
908024
909682
910105
910212
910802
912847
913194
914208
914844
915770
915996
916786
920594
921706
923514
923682
923938
924124
924257
924568
930783
933859
934230
934543
937915
939059
939746
939874
940367
943171
944064
944895
945307
945539
946188
947097
948255
948693
950826
950899
950902
951263
952165
952602
952979
955185
955921
957534
958637
958701
959272
961530
962345
962814
963108
967993
971359
971846
973802
974435
977494
977502
978631
979499
980972
981736
982768
983826
984042
984802
986756
988976
989697
991532
992629
992674
994566
994671
995733
996800
997971
