10
1000
807
1273
6567
6837
7086
7270
7727
10177
10572
11780
13429
14266
16739
19414
21598
21654
22689
24391
24461
25111
25847
28264
29783
31125
32367
32542
33482
33491
33768
34254
34752
36578
37141
37270
37538
37648
38068
38361
38763
39239
40900
42401
43321
44576
46561
47456
47631
48071
49219
49607
50371
50525
51212
52672
53076
53135
53340
54716
56475
56720
57124
63211
63401
66016
68847
70043
70078
72140
73106
73760
73884
74280
74344
74438
79754
82712
84656
86760
87389
89727
89980
90106
90737
93407
93634
93662
95439
96774
98674
99442
100428
100701
101824
102566
102635
103303
103917
104089
104250
104745
105918
105966
107351
107475
110287
111751
111955
112744
115919
116093
116225
117269
118251
120662
121110
121313
121650
121687
123566
123914
124027
125641
125664
126380
126409
126483
130471
130525
132347
133310
134062
135415
137065
137126
137935
141003
141134
141367
141379
142254
142326
145254
146040
147448
149878
150196
150320
152979
155222
158919
160628
161313
162509
163578
163600
164352
164591
164944
166198
166451
167245
168693
169073
171936
173344
173420
173980
174256
174270
174386
175556
175655
176722
179580
181381
182458
183197
185730
186304
186547
186993
187895
188072
189519
192083
192091
192953
196965
198967
200027
202568
202633
202919
203407
204018
204401
205466
206220
206948
207599
208358
209824
210449
211630
212228
213760
214374
216640
217876
218441
219631
219901
221320
221487
223277
225094
225791
226384
226978
228504
228970
229730
230717
230801
231343
231974
232035
233060
234012
234861
235665
236020
236306
236906
237092
238369
240216
240965
241141
241818
242592
243933
244223
246880
247182
249965
250266
252498
252804
252823
252841
253035
253453
255151
255335
256054
257027
257172
257287
257945
258625
259373
261803
261913
262196
262217
264191
265143
265904
265991
266015
266103
267778
270098
270918
272844
273451
273976
275598
278915
279263
280691
283191
285929
286907
287371
290484
291028
291909
292406
293223
293649
293940
294566
294901
296308
298794
305410
307028
308020
308289
310137
310373
311235
314234
316120
316137
316692
317369
318950
319270
319940
320073
322097
322349
323961
324443
324571
324853
325558
326564
326721
327557
329163
329240
329763
329827
332161
332606
333755
335733
338120
339043
340077
341009
341312
343055
343626
345353
347685
351595
351951
352084
354628
356655
357170
358978
359063
360068
360340
364184
364340
364860
365158
365416
365841
366285
366560
367256
368633
368652
368895
371148
371860
372467
373415
376190
376649
377576
377623
378264
378941
379842
382595
383033
384079
385338
386581
387398
387861
387891
388235
390328
391220
392519
392854
395753
397682
398212
399035
399518
401227
404629
405655
406280
407984
408479
409570
409657
410021
411080
411338
412136
413109
413799
415079
415800
416498
416538
419345
419759
421124
421163
422338
423990
424570
424767
428183
428387
428941
430889
431679
432256
433766
434958
436858
437808
439022
442481
443525
444708
446319
449177
449564
449801
450038
450336
451339
451588
451629
454144
454888
458868
463677
464484
465093
465378
466249
468050
469197
469946
472287
473289
473731
474986
476824
477121
477886
478545
479072
481866
482231
483194
483301
483983
484250
484426
484923
486130
486164
487501
487760
488408
488672
488944
489083
489860
490332
491767
493772
494672
494922
497436
497441
498256
498410
499034
500388
501390
502120
503529
505298
505661
507763
509334
512977
513302
517862
519881
520565
520707
522124
522392
523478
524338
524651
524670
524818
525011
525317
527749
527811
527891
532688
532782
532822
533729
535066
535168
535885
535891
536396
538096
538474
538581
538820
539472
541836
542094
542338
542377
543201
543817
544111
544460
546823
547457
548420
548530
548738
548808
549521
549733
549824
550746
551723
552945
554825
555363
555466
556556
557750
558594
559565
561742
564934
570029
572982
574443
574934
576558
576792
577063
577340
577665
580992
581703
582042
582720
583905
584073
584283
585955
587081
588332
590123
590480
592036
592673
592891
593735
594521
595259
596628
597380
597917
598065
598559
599411
601209
602033
607445
608320
608793
609128
609292
609634
610221
610613
610683
614344
615721
616420
616895
618472
618936
619050
619370
619491
619848
620425
622091
622175
623326
626000
626455
626889
627277
628278
629662
630497
630960
631081
632356
632361
632544
634842
636421
638070
638338
638384
638842
639640
639839
639942
641404
642465
642993
644220
644403
644923
646629
648752
649568
649705
650740
651310
651333
651880
653846
654719
655677
656873
657111
657826
658451
658975
660091
660096
660457
661420
661596
663423
665747
666888
666903
668230
668393
670226
671780
671896
674059
679945
680271
681206
683168
685292
685696
688310
689049
690225
690696
691894
692039
693602
695569
695862
695980
697473
697740
698757
698979
699437
702328
702653
702896
705772
706409
707360
707447
712645
714174
715288
716152
717635
718305
719108
719148
719856
720301
720667
725542
725665
727919
729291
731860
732956
733640
734503
734697
734763
735917
736246
736388
737232
740152
741504
741593
742810
744172
744258
744743
745201
745629
745873
746444
746508
746673
747024
748606
748650
749213
751741
751996
752034
752493
754568
755538
756228
756402
757346
759058
760505
760509
762579
762685
763833
764659
767429
769483
769863
771250
772064
773071
774383
777122
777317
777530
777961
780543
781457
781832
782612
785087
785997
786772
787521
787735
787777
788066
788226
788265
788303
793768
794122
795249
795319
795526
796380
796606
797175
797255
797476
798625
801634
801720
802848
803312
804053
804768
805092
805601
806437
809079
809769
811217
811294
811403
811529
812404
814446
817816
817924
817958
819585
819636
819774
820015
820096
820330
821731
822250
823463
823658
825634
827559
827669
828010
829507
829693
831305
833381
833487
836862
840865
840899
840975
842186
842438
843711
844463
844636
845234
848915
850525
852635
853432
853996
854067
856094
856581
857526
858644
859213
861716
862972
864168
865243
865974
866809
867481
867796
868069
868156
869887
869919
871705
875065
875418
875802
876032
876920
878030
878308
879406
879694
881256
881304
881337
883016
883224
885095
885220
885905
886500
887246
890333
890696
891626
892093
893029
893511
895195
896645
897411
899711
901108
901535
901742
903309
903664
905866
906547
907522
907594
912138
912186
913291
914284
914635
914712
915547
917144
920002
920780
921016
921884
923934
925048
926130
926811
928285
928572
928735
929253
932636
933877
934023
934459
934755
934854
934978
938314
938454
938761
939218
939769
939935
940641
941624
943857
945608
946861
947287
947864
947915
949022
949947
950545
951079
951250
951752
954520
954585
955012
955146
956083
957370
958800
959318
959558
960213
961349
962378
962738
963254
963288
963929
965175
965481
969074
969309
970108
972750
972971
975461
976157
976251
976311
976600
976623
977132
977152
977212
980150
981460
982979
983445
986687
986810
987040
987385
989742
990867
991512
992746
994930
995612
996103
999566
1000
180
1119
1518
1759
1831
3861
4931
6037
7692
7926
8481
11113
13512
14268
14576
14911
15137
17819
18865
19423
19479
20987
21932
22656
23168
25830
26946
28419
30743
34549
35193
37857
39346
41583
41945
44111
44865
45186
47280
48019
48104
49038
49287
51693
53467
55869
56715
56971
57615
57753
59051
59577
59727
60271
61332
61390
61933
62608
63513
63965
65714
66138
67054
69224
72919
76915
77274
77745
78697
79552
79616
83130
83690
84543
85744
86323
87860
88666
90754
91999
92124
92986
93245
93578
94047
95640
96292
96500
97213
99487
101786
102776
103234
104433
105645
106583
106647
106910
106989
107062
109998
112322
112328
112467
114948
114954
116130
116338
116580
116623
117062
117629
119115
119601
120813
122218
124327
126280
126749
127447
128103
128385
128589
129424
130745
130841
131422
131839
132117
132689
133303
135835
137664
138480
139185
140049
140628
142281
143547
143750
144335
144811
144817
145275
146048
146299
147262
148014
148441
150867
150946
151133
152653
152980
153675
155460
156040
156720
158088
158221
159958
160182
161879
161908
162878
163130
163158
163391
163585
164512
164797
166675
167152
169312
169730
170840
170899
171287
171634
172024
172114
172887
174920
177953
178835
179677
182563
183355
185346
185574
185702
186187
186746
187812
188931
188967
189032
189282
189999
190903
195752
198901
200492
200765
201853
202395
202524
203752
205094
205253
206356
206639
208455
209892
210384
211618
212474
213044
213109
214119
214388
214548
215374
218026
218096
218286
218309
218831
220939
222257
224793
225489
226114
227340
228986
229657
230273
230914
233850
234578
234889
236331
236388
236406
237211
238023
238864
239437
239586
240452
241149
241944
242940
244068
244882
246944
247140
247206
249809
250753
252100
252295
254291
255940
256520
256529
257570
258067
258994
261283
261576
262354
262520
266363
269049
270461
270757
273225
273396
273621
273643
274580
274638
275553
275656
276249
276716
279321
281970
282298
282738
283130
283490
284083
285536
285839
287041
287667
287679
288184
289382
290215
290396
292370
293103
293113
298438
300291
300806
300979
301246
301943
302409
302812
305633
307818
308256
308817
308957
309940
311546
312151
313985
314152
314312
314622
315307
316290
318466
319808
320341
321369
322279
322963
323375
323929
324012
325558
327141
327667
327711
327991
328751
329530
329617
330129
330924
331634
331916
332960
334373
336270
336942
337872
338034
338479
339214
340599
340752
343323
343393
346651
348871
349990
350253
350437
350956
351253
351310
352470
353030
353058
353113
353484
354232
355417
355550
355855
356229
356467
357076
357534
358526
358996
361064
361247
361313
363324
364163
364316
364530
364774
365597
365827
366180
368711
368720
370918
371676
371917
374270
374491
376461
377487
378842
378846
379853
384876
385117
385251
385253
386143
386449
388318
390294
391548
392198
392776
393867
394170
394187
394807
394868
396230
398035
398157
398422
398539
399738
403276
403372
403571
403599
404000
404509
404757
405500
408362
409207
409623
410048
410082
413903
415194
415447
419232
420808
420853
422135
422769
422807
423725
424186
424371
426950
430960
433536
433806
435990
437283
437512
438051
442064
444499
445940
446316
446502
447387
448387
448868
449029
449847
450142
453543
454222
454340
454922
455085
455340
455697
457650
458041
458826
461774
463343
463394
465319
466505
466606
466851
470014
470269
470712
473228
476189
476607
478948
480698
480972
483603
483879
484147
484644
485105
485781
486264
488242
489461
489473
491021
492117
493773
496743
497454
498993
499640
500677
503155
503386
503651
504486
504777
505810
506763
506863
507802
509578
511024
513076
513989
514032
514237
514729
516449
517810
518304
518568
518918
518920
518934
521890
521961
522408
522573
525000
525419
525930
527294
527815
528356
528456
529518
529785
530390
530980
531999
532493
533123
533441
533712
534808
534830
535258
537987
539181
541445
542034
546208
546215
546791
549061
549250
549777
550130
551938
551940
553836
554089
554167
555935
557052
557112
557928
558479
559289
560752
560898
561266
562497
562558
562790
563123
563598
563711
564029
564580
565254
568570
569960
572753
574418
574639
574725
575020
575391
578364
579818
580574
581337
581395
584497
584538
585612
585807
587071
588322
589453
589581
589881
590135
592812
593724
595141
595373
597656
597964
598137
602835
603658
603949
605025
605347
607249
608984
609476
610092
610933
611817
613723
613811
614055
614845
616081
617600
618523
619448
619893
621473
623634
623926
624438
625541
626563
627476
628989
630296
631977
633554
634095
635033
635645
635673
635683
636042
638149
639690
644334
644633
646271
646448
646762
647564
651995
652352
652726
652832
653105
654154
654946
655525
655987
658448
659309
659715
659914
660423
661828
663218
663593
663682
664340
664437
664964
665506
668483
669065
671087
672140
678865
678886
680955
682451
686888
688677
689882
691461
692269
692626
692981
693822
694805
695784
696203
697411
697968
698008
698020
699025
699605
699666
699901
702635
703975
704336
705670
707977
711245
714764
715432
715570
719116
719432
721911
722926
723494
723849
723867
727404
727545
727722
728319
730212
731755
731854
732200
733330
733793
734613
736128
737974
739790
740148
740581
741251
741753
743350
743523
745535
746167
746742
748725
749957
750064
751437
752070
754058
754279
754742
755479
756252
757370
757820
759414
760469
760634
760829
761763
762569
763261
763767
766737
766759
767123
769922
770254
771259
772227
773992
776139
777846
780961
780963
781825
782663
783448
784330
786509
787329
787712
789479
790875
791113
791990
792608
794575
794813
795952
800280
801091
801964
802087
803448
803681
804929
807854
808423
808874
809219
809878
810790
812860
814097
814813
816082
816445
818025
818049
820422
820657
822238
822967
823001
823255
823978
824060
824569
824890
826021
826336
827601
829738
831576
833223
833342
835992
837131
838350
839472
842065
842108
842770
843366
844789
846483
851192
851895
853359
853875
854005
854008
854163
855448
856776
857941
860021
860284
860651
861838
863069
864498
864613
865579
866847
870010
870438
870626
871133
871855
873474
875736
877776
878472
879352
880977
881666
881752
883204
884680
885021
885363
885708
886416
887443
889301
890464
891201
892511
895515
895966
896555
896586
896941
899631
899840
902811
905146
906191
906587
907099
908398
909667
910408
910826
911142
911499
911684
913252
913427
914570
915557
916847
917108
917696
919101
919703
920607
920819
921763
922016
922896
923039
924353
926653
927177
929219
929554
932558
933337
933374
934087
937047
937527
938505
938984
943877
946509
946665
947025
947265
948278
948402
948522
949678
953768
954452
957458
961865
962009
962057
962092
962407
962667
965058
965093
965299
966882
967644
970070
970076
971177
972028
972280
973357
974378
975232
976266
981609
981827
982793
983358
987148
987388
987589
988470
990740
990775
991346
993285
993614
994039
994077
994755
995658
995698
996150
996167
996197
996471
999730
999882
1000
898
1109
1754
2694
3712
4657
4757
4868
5869
7352
7807
8799
9591
10037
11318
17405
17900
19059
19652
19968
21303
22303
23237
23443
23692
24533
25740
26021
26537
29901
31209
31477
31565
32275
32761
33458
34144
34309
34443
35608
35740
36193
37564
38547
39734
42155
42635
43081
45349
45392
46789
47719
48358
49488
49869
55464
56123
57679
58802
58880
60307
62789
63055
63058
64451
68626
69369
70352
71774
71948
73550
74190
74732
76153
76241
76494
78391
80375
81667
82356
84279
85034
86137
87891
88086
88143
88499
89480
91310
91567
92446
94152
94187
96277
97137
100229
100743
103383
104447
106520
106926
107787
110415
112132
112191
113313
114518
114756
120006
120007
121123
121295
121793
122274
122421
123207
123653
124300
125337
125683
125790
125907
127965
128751
129543
131245
132857
133001
134697
135268
136538
137449
138087
142873
145358
145567
145870
146125
146398
146487
146935
147389
147772
148370
150097
151516
154890
155762
159365
159620
161592
161804
162561
163149
164502
164754
165455
166916
170521
173535
173583
174472
175388
176110
176208
176859
178091
178517
178701
179198
180211
180753
182859
183686
184090
184802
184893
185099
185387
186637
186936
187647
189360
191339
191931
192101
194831
198401
199204
199589
199723
199858
202244
204447
204540
204767
206887
208540
209281
210055
210870
212603
212792
212839
213073
214830
218219
219017
219051
219239
220397
220470
220577
220957
221623
222303
223238
223878
224183
225423
225978
227445
228665
229078
229374
230256
231256
231290
231344
233545
235601
235880
236786
237472
237889
238069
238602
239206
240661
242261
243879
245198
246227
246979
247670
248570
249285
250723
251943
253681
255347
258638
259093
259686
262186
262943
263308
264440
265929
266199
266257
266483
268014
268856
269037
269057
270162
270343
270500
271986
272474
273831
275098
278012
278373
279066
280192
281622
282300
282770
282800
286781
288680
289487
289885
293156
293735
294087
294779
295639
296043
296889
297443
299640
304380
305076
307068
308469
309177
312375
312771
313185
313347
314431
315585
317067
317561
318104
318963
322797
323068
323267
323428
324018
325256
327261
328095
328328
328868
329591
330739
330906
332011
332653
336471
337333
337435
339453
339648
339970
340687
341095
341696
342335
344690
345183
348704
350551
352413
352513
354723
357062
362510
362619
364139
364873
364928
365035
365126
366937
367343
369303
371208
373844
374524
374661
375056
375307
375476
375487
376631
376967
377211
377248
379050
382259
384524
384979
385134
385369
385438
386069
386511
387583
388003
389728
389847
391195
391403
392828
393356
393547
396995
397234
397963
398605
399276
399323
399458
399493
400409
401483
402832
404089
406075
406786
408143
408525
408703
409411
411157
411720
412665
413511
414180
414199
416876
418266
420086
421058
423942
425226
426231
427281
427692
429497
430575
431217
432266
434544
436246
436672
438460
439666
441839
442049
442275
442298
442434
442857
443190
444203
444707
445226
445909
448268
448813
448965
448999
449009
449507
450089
450907
451604
451795
452068
452462
453183
453293
454785
454869
456595
457765
459708
460337
462208
462428
462987
463595
464166
464492
465744
466090
466779
467094
468479
468589
468633
471520
471570
472982
473386
473526
474275
474290
476350
481278
484951
485535
485585
486087
487290
487552
487830
488679
492001
494730
495675
495839
496128
496270
496313
496359
496984
497655
497901
498219
499407
500443
501214
501959
503632
503850
504438
504493
506265
506940
509239
510691
511819
512583
515665
516600
517420
518074
519714
520644
520946
521624
522527
523646
524569
526294
526807
527839
530955
532577
533693
534032
534490
534589
534874
536281
536730
538652
539825
541898
542171
542486
542518
544624
547510
549539
550346
550615
550868
550883
551301
552906
556551
556743
558340
559104
559295
560854
561152
561628
563671
566724
568419
568819
569232
569327
569333
569394
570189
570528
572044
573128
574553
575464
576061
576377
577530
579028
579630
581286
583916
584649
585065
586913
587107
589862
589877
591411
593867
594103
594393
594909
595275
595405
598100
599219
599479
599590
601846
602325
602433
602729
604464
605200
605820
606950
607930
609191
609612
609949
610354
610779
613731
614365
614904
615356
617695
618064
618283
618335
619982
621698
622537
623407
624116
624807
624999
625227
625399
625662
626353
627322
628963
628978
629276
630896
631500
631713
632571
633702
634014
635762
635963
636687
638094
638311
639202
641896
644705
645045
645310
647105
647305
648362
648751
649038
652061
652320
652439
654817
656206
656317
656763
657141
658196
658589
659222
659987
660062
662047
662235
663521
664379
665597
665900
666802
666912
667463
668178
668428
668591
671473
672421
672460
674897
675645
677549
678295
680390
680637
681053
681764
682118
682749
684712
685549
685633
687744
688166
689403
689518
689731
689952
690882
692103
692880
693463
696121
696204
697367
697856
700848
701943
701962
703422
703653
704705
706212
707305
709053
710119
713533
714435
715934
715958
717140
717285
717907
718390
720277
720304
722461
724491
724586
724730
724745
724810
725169
725311
725670
727016
727078
728900
729277
730415
731209
732029
733670
734035
734623
735391
736548
738461
742151
743377
746507
746864
747884
748105
748245
748351
748847
750031
750629
756337
756944
758889
759787
759864
760314
761151
762681
763338
763570
764614
765121
765493
766170
766252
767692
769362
769495
770411
770874
773238
774632
778351
779009
779290
781125
781371
781862
782260
782525
786038
786143
786425
786902
787485
787668
788344
788519
788821
788986
791534
792440
792497
793360
793758
795407
797445
797767
798724
799519
802392
803189
803214
803484
804007
804447
806653
807094
807186
807646
808439
810727
813368
814103
815041
815089
815578
815799
815894
816022
816980
817335
818168
819961
820859
822894
823151
823846
824420
826119
826517
827531
827829
827971
828013
828427
829567
832614
832713
833421
834175
834674
835318
835818
837594
837636
838220
838452
839137
840443
840940
841127
843205
844394
846424
848408
850194
850651
851425
851548
851895
851911
855130
855698
856480
859854
861565
862448
863947
865676
867386
868478
870312
871040
871935
872244
872528
874254
874851
878057
880772
882966
883900
883919
883979
885903
887799
887833
888559
889883
892661
894150
894161
894730
895784
895907
899000
900717
900819
901110
901906
902266
903136
904061
904922
906835
909913
910767
911073
911772
911777
912710
914276
915083
915281
915910
920364
920829
921665
921852
922323
923057
924563
926675
926677
926746
927151
927364
927384
927682
928288
929538
931268
932106
933341
933768
933990
934215
936852
937371
937882
937937
938614
939234
939953
946755
946992
948513
950868
950906
951851
952830
958299
958825
959331
960147
960347
960686
961127
962749
963022
964215
965522
967338
967479
968025
970122
973965
975316
976686
977684
978234
978506
978716
979627
981011
981290
983722
985318
987558
988861
989011
993420
993768
993923
994656
994665
996809
999704
1000
41
174
1052
2486
2749
3989
4893
9210
10535
11230
11731
12080
12704
13238
15844
16792
17319
18703
18751
20465
21094
21108
21255
21322
21573
22265
24488
25413
25797
27523
28057
28088
28734
29277
29882
30656
31734
31910
32021
32947
33157
33426
33822
34117
34287
35135
35420
37098
37735
40204
41435
50030
50096
51985
53502
55594
56901
60277
61103
61374
61603
62283
63695
63748
65014
66412
67337
68386
69397
69442
69623
69974
70762
71436
72117
73556
73580
73665
74141
74318
74320
74733
75850
76674
80762
80868
80991
81741
81841
82267
82576
82755
82974
83797
84326
85249
85280
86433
87045
87976
88249
88654
89392
89609
90885
92246
93182
95527
98922
99394
103429
104270
104440
106408
106988
107169
108386
110455
112768
117656
119400
120032
120845
121183
122462
125376
126439
126956
127499
127547
131142
135303
136124
137957
138140
140603
141830
141837
142173
143279
145630
145683
147420
149296
151622
153991
155531
157656
157801
157831
158210
158673
159262
159497
163283
164779
165714
165893
166780
167068
167724
172028
173437
174171
174372
177322
177581
177700
179983
180508
181086
181376
181739
182375
182963
183118
183838
184062
184619
185024
185572
186785
188625
189370
189825
189914
190356
193687
194513
196260
197865
198132
199583
199608
200143
200604
200853
201339
202447
203424
204139
204765
205205
205856
206357
207599
208581
208584
208587
210653
214693
215721
215806
215946
216479
216639
217130
218341
220283
225141
225686
227989
231758
232394
232666
232786
234102
234245
234266
236776
237920
240790
242118
243745
243962
244501
244514
244995
247774
249540
252663
253117
253667
253714
254216
255307
255881
255955
257132
257785
257882
258884
259776
260305
260946
261689
262309
264941
265982
267186
267967
271278
274640
275155
275251
276090
276189
276202
276720
276847
277007
277800
278121
283164
285058
285225
285732
287332
287565
288143
288255
288268
288359
288489
289813
290312
294418
296312
297804
298944
299744
304978
305127
305756
305852
311491
311509
313190
313702
314088
314883
317009
317955
318097
318910
320194
321383
325873
332653
333540
334245
334338
336426
339276
340320
340398
340907
340979
345240
345769
346376
346786
349337
350094
350355
350418
350496
351680
354575
354948
358375
359134
362101
364416
364423
364543
366218
366663
367490
367621
368457
368466
368900
369070
369352
369785
372569
374737
375812
376455
377605
383933
385661
385872
386389
388303
391286
392139
392532
392535
392669
393268
394135
394375
398908
399652
405206
406126
406490
407112
408757
409659
410692
411440
411482
412799
412834
413441
414521
414825
416248
416830
417846
419586
421373
421472
422836
423363
423726
423761
427415
427500
429981
432160
432510
433748
434512
435040
435100
435211
435676
437346
437802
440951
442787
444197
445452
445721
446425
446943
447690
449469
452941
453958
454574
454800
455262
455977
456730
457145
457193
459470
459763
460292
460305
460774
461364
461534
461902
462076
463446
463853
464809
464836
465194
469108
470228
470556
470567
471443
472908
476524
476550
477304
478302
478782
479836
481099
482215
486252
487535
487549
488089
488537
489525
489919
490837
491547
492138
492179
494104
494472
495080
497499
498210
498253
498356
498775
499717
501007
502178
505794
506325
506327
506417
508061
509222
509869
510135
511705
513859
514409
514463
515224
515876
516390
517518
517660
518240
520183
520238
520703
521915
524117
524400
525245
525468
526986
527054
530866
532068
532837
533246
533627
534904
535122
537152
537437
539349
540777
545784
545921
546205
546513
546554
547780
547804
548488
548579
548892
549422
550421
551553
551849
553253
555220
555807
555940
556995
557540
559703
561303
561357
562022
562258
562767
562873
563705
564722
565585
566611
567734
568069
569650
570078
570268
570752
571356
573557
573632
574234
574520
574858
577205
577311
577525
577602
577985
578860
578980
579612
579677
580943
582262
582556
582863
585889
586039
586305
586585
587799
590466
594588
594864
595252
596113
596575
597011
597090
597352
597936
598025
598525
599165
599254
599472
599764
601881
602103
602833
604012
605479
605587
605971
606035
607095
608336
608353
610845
611412
612417
613142
613392
616539
618954
620465
621223
621363
621528
621758
621975
622462
622531
622937
625807
626622
628274
628287
629725
631018
632193
632591
634102
635228
635288
635305
635307
636242
639573
640236
640368
644486
646784
646907
651069
652836
653802
654555
656461
657084
658564
659474
659660
661327
663339
664145
665978
666893
667928
668280
669354
672847
672861
674410
674601
674663
674823
676308
676903
678989
680235
680340
680908
681642
681679
682926
685404
686404
687458
689591
689739
691978
692826
692854
694805
695814
696730
698095
699320
699960
700396
702900
703348
704173
708181
708202
708393
709385
710000
710135
710848
711768
712746
713662
714391
715872
716340
716453
717258
717431
718045
718290
719904
723100
724099
724110
726490
726496
726536
727836
728518
728919
731570
732346
732612
734403
734526
735397
737139
738982
742195
742428
742623
742649
743800
744262
744659
747657
750134
750257
750291
753026
754784
756639
756980
757068
758182
758859
759137
759505
762570
762788
763261
764151
769722
770346
771510
772111
773638
773753
774015
774769
775587
775796
776563
782911
783424
783472
784035
786290
786576
787020
791076
792879
793657
793921
794247
794385
794788
795440
795561
796007
797571
797947
798624
798772
799540
800855
801471
801669
802032
802765
803545
805139
805511
807150
807442
807807
808079
808177
809665
811879
813042
813126
813227
813587
813701
814308
814335
814340
814965
816959
818132
818169
821113
821878
822102
822560
823881
823898
824210
824551
827392
827447
830152
830966
832117
833467
833599
833701
834515
835134
836095
836444
837724
837988
839598
841024
842934
843032
843956
844034
844761
845454
845803
846603
847004
848386
848417
849957
852136
852813
854277
857109
857433
857942
861043
861533
862259
863296
864107
864813
866323
867382
867981
872556
872772
874100
874615
874938
875332
875411
876812
876823
877637
878678
878839
879794
882117
882688
884033
884401
884523
884814
884840
886081
887154
888792
889934
890184
892183
892614
893959
893998
895424
895455
898201
899042
899161
899720
903628
903636
904447
904814
905048
906703
907831
910553
910601
910911
910990
911257
911461
912195
913598
914194
914759
916165
916956
917222
918145
918222
919329
920118
920670
920804
920853
922675
924168
924886
925238
925720
926004
926431
927116
927960
931205
931288
931490
931973
936566
937922
939009
941377
941506
941767
943222
944061
944095
944668
947192
947363
947883
949814
949885
950350
951013
951828
956091
957152
957304
958030
958092
961207
962765
963251
963352
963750
965425
967901
968985
968999
969909
970097
970267
971157
972745
973435
974059
974618
975522
976287
976429
979265
980426
980700
980759
980783
981033
981098
982342
982399
982612
986022
986055
987391
989226
991539
991690
992562
993520
993912
995381
995477
995678
995795
996864
996900
999521
999911
1000
610
803
4379
4805
5098
6279
7168
10842
10948
13041
13223
13727
15241
15493
15551
15675
16137
16521
18759
22169
23915
25332
27150
28558
29098
29106
31232
31449
31513
31846
33106
33925
34637
36050
37672
38423
39010
40981
42277
42764
44002
44027
44760
45182
45509
46054
46626
46753
46952
47031
49572
49683
49724
50936
51869
52057
52342
52633
53179
53856
55681
56310
56679
57153
57401
57478
59167
60040
60388
61025
62032
63376
63902
64716
64995
65377
65895
66152
66543
67650
68142
68324
71501
73984
74136
75077
75486
77008
78018
80195
82606
82639
84696
84842
84983
85344
85374
89039
89257
90869
91398
92296
92712
92833
93844
100984
102054
104773
105164
105410
107918
107990
108717
110843
111654
112594
112875
112901
113580
114065
115476
115619
115710
116689
118690
119047
120122
121046
123284
123897
124083
126987
128528
128912
130615
132423
132989
135032
135162
135418
135485
135972
136469
137421
138117
138907
140301
141984
142431
142456
142796
143035
144148
147067
147389
148266
149534
149836
150611
151377
152075
153252
153252
153281
155014
155582
156788
157120
157997
158062
158893
159882
163157
163492
164425
164425
164649
165313
167259
168617
168661
169327
169336
169885
170839
173935
173994
175569
176403
178768
180829
181800
182993
183016
183177
185479
186767
187196
189739
190407
193952
195568
196406
198945
199937
202558
205737
209420
209856
210191
210739
211640
213126
214368
214674
214958
215002
215200
215706
216684
216875
220099
220415
220747
222125
224847
225806
227647
228876
228929
229142
229436
230231
230710
231029
231072
231147
232656
234497
235503
235853
235930
237425
237887
238727
238824
239174
239803
241753
242544
244404
244649
244729
244862
246310
246477
246676
246699
247741
248041
248117
248392
248625
249060
249275
250370
251893
251976
252973
253860
254460
255145
255395
256664
257698
258169
258209
260187
264714
264834
265234
265604
268592
271219
272301
272377
273173
275673
276188
276512
276931
278904
279695
279939
279998
281574
281896
282644
284541
284923
287170
288496
289243
289629
289822
291719
292671
293311
294336
294827
297754
298723
298957
299775
300056
300608
301775
302276
307901
308555
308717
308914
308948
309380
309511
309954
310184
310584
311943
312515
313305
314231
315173
316171
316283
316359
318607
320572
321072
321418
322369
322579
323029
323630
325111
326214
326478
326722
327239
328024
329062
329811
330148
330632
331192
332492
333739
334821
335159
335994
336536
339934
340126
341046
342262
342541
344645
344765
345055
345266
346602
348733
348788
349238
350378
351323
351671
353098
353179
354587
355750
356674
357298
357371
358718
358972
359947
360358
361207
361296
361318
363540
363656
364573
365037
365712
365767
366396
369016
371291
372735
375131
375364
375662
377144
378092
378585
378614
379168
382313
383973
384106
384266
385289
385395
388626
389886
389939
390124
390461
390610
391096
391244
391538
391714
393900
394113
395279
395775
403075
403499
403988
404703
407269
409055
410121
411606
411721
412048
413423
413564
413938
416191
417723
417945
420798
420852
421008
421381
424043
425092
425888
426574
429097
430314
432168
434277
435283
435641
437154
440718
442824
443101
444900
445817
445920
445921
446613
452091
453496
453880
455200
455231
455672
457129
457561
458216
458407
460213
460501
460597
460994
461029
462818
462936
463003
463206
464806
469216
471127
471652
472140
472255
473031
473085
474781
475068
476654
477540
478891
479407
480880
481594
481619
483300
484042
486444
488745
489817
490357
491062
491299
492407
492904
494534
495012
496359
496754
496760
498223
498910
499050
499288
499895
500267
503116
504793
505905
506068
507262
507796
507816
508422
509965
511158
511401
512155
512272
512527
513167
515145
517187
518768
518877
519717
520044
521426
521505
521745
522177
523556
523935
524720
530807
533442
533909
534379
534777
535942
536533
536643
538646
539472
540290
540300
540832
540867
545904
545969
547083
547637
548500
549233
551216
551425
551591
551675
554932
556248
558692
560575
562125
562296
562459
562766
562862
562875
563805
563877
565991
567271
568120
568219
570565
572270
572576
576574
579810
583997
584146
584241
585543
586858
590240
590460
592234
594129
594991
596198
597210
597671
598602
598682
600768
603340
603694
603739
603916
606869
607143
607186
608051
609144
609790
610688
610721
611109
611400
611511
612474
615214
617538
618463
622781
623525
624228
625660
625872
626131
626520
626616
626714
626846
632503
633511
633632
633853
636356
637015
637165
637351
637994
638212
638438
638827
639686
640706
641264
641811
643605
643806
644563
644898
645300
645667
647574
647579
647799
649165
649171
649227
650081
651153
651187
653417
654169
655414
655815
655849
658082
660033
660326
660923
662091
662421
664305
665846
668061
668749
668901
669147
673576
674282
674311
674967
675212
676148
676470
677046
677306
680772
681650
681945
684010
684949
685100
687152
687273
687559
688943
691589
695765
697509
705289
705425
706449
707117
708689
709220
710473
711281
714106
714521
714874
714877
715143
715281
715567
716801
717964
718590
719354
719703
720795
724939
725892
727806
729582
733335
735635
738018
740603
743172
743720
744369
746598
747028
749241
749877
750725
751945
753120
754773
754908
755763
757286
757449
759795
760072
762489
763331
766817
767028
767088
768669
769071
769635
770473
771332
774422
774693
774754
775038
777181
778634
778644
778961
779218
780398
781048
781226
781450
781762
782708
782865
783265
786302
786356
787158
788988
789721
791848
792817
794434
796509
797736
798333
799322
799384
799930
799994
801077
803207
803899
808089
808150
810028
810520
812298
812490
813088
814146
815152
815243
815974
817292
817933
819018
819385
820218
820946
821839
822436
822525
824185
824226
829863
830061
830382
831815
832064
835246
837246
840586
840957
840978
841314
842769
842908
843095
843661
845089
845115
845117
846684
847427
851008
853355
854336
854516
858573
859113
859730
859964
860230
860267
860787
861432
861947
862252
862896
863558
864152
865835
866689
867180
872310
872394
872571
873403
873593
873619
875230
877873
877897
877975
878480
878608
878967
879091
879539
883817
885312
885991
887462
890082
891836
895468
897711
897830
898412
900800
902232
903218
903892
906404
909193
909979
910747
912774
914164
915421
917495
920130
920922
922033
922129
923091
924324
924596
926053
926226
926720
928513
930512
930584
930731
930912
931476
931602
932233
932329
934210
935578
935588
935916
937065
938239
938499
939185
939855
940658
941056
941068
944600
945267
947125
948478
950861
950863
951493
952227
952509
953138
953228
954198
954584
955114
956712
957365
958061
959187
960925
961431
962142
963332
963753
964402
966334
966346
966383
967505
967750
967755
967910
967916
968254
968405
968791
969322
970143
970302
971546
971622
971791
973205
973872
976899
978849
980240
980899
981010
982952
983674
983751
985814
985924
986359
986715
987122
987142
989514
990768
991500
991778
993457
995644
995997
996371
997138
1000
682
910
1813
2133
2431
3709
6799
8321
8616
8718
12056
12766
13834
17211
18856
20788
22946
23000
23211
27256
27431
29317
29839
30727
30982
32496
35777
39200
39892
40589
41108
41981
42077
43727
43850
44987
47093
47206
47365
48057
48772
49622
50464
50837
51050
51612
54850
54893
55892
58314
58712
59660
63077
64448
65378
65391
65392
66387
66942
67062
67911
68565
68890
69417
69640
70592
71270
73985
74122
74618
74641
75011
76086
77728
80464
80935
82801
82954
83222
89323
89529
90505
90975
92871
93000
95685
95894
97096
98247
98814
99141
101438
101580
101650
103058
103798
106366
106681
108401
109412
110217
110620
112381
112382
114287
114312
114772
115235
117230
117492
119555
121282
125905
126699
128491
130652
131270
132444
135450
135721
136743
137247
137310
137361
137849
137911
139857
140052
143753
144095
145719
146546
146749
147551
148532
148798
148929
149788
150664
150727
152886
152910
153468
154982
156014
156827
157635
159221
161362
161805
162297
162635
162658
163974
164372
164403
168553
169006
169154
170222
170415
171751
171994
172530
173140
173429
175439
176220
177595
177992
178241
179075
179540
180594
181071
181592
181922
182300
182904
183770
185504
187204
187214
187283
187569
187609
187646
191258
191936
192092
192681
194777
195473
196873
197232
199119
200959
203959
205795
207449
207785
208082
210390
213200
213995
214609
215197
215574
215823
216408
220702
220881
221246
221775
221789
223451
223583
223929
225653
225890
225960
226088
226873
228133
228379
229102
229223
229537
229810
231384
232788
238012
238872
241025
242461
242827
244326
244687
245932
246002
248502
248803
249335
250810
255466
255895
255977
257325
257339
257377
258359
258566
258707
258887
259058
259082
259360
261313
261770
263368
264150
265755
266642
267486
272872
274185
277620
278627
278884
279179
280160
280687
281090
281348
282261
282844
284443
284822
285682
286796
287745
288773
289079
289467
289874
289923
290851
290993
291675
292782
293378
293887
294473
294930
295599
295818
296995
298410
298864
303038
303413
303449
305049
305052
306605
306616
306940
307515
308727
310329
310673
310736
311166
311461
312569
312769
313157
313892
314349
314966
315176
316645
317024
317448
318590
319028
321051
322927
325447
326728
327764
328655
329211
329216
329639
329712
331940
332115
332972
333860
334366
335010
337160
338052
339011
343245
346726
347663
348930
351150
355273
356855
358051
358827
361365
361416
363956
367231
368032
368416
369841
370793
374178
376242
376852
377045
377380
377889
378909
380059
380648
380987
381940
382651
383210
383633
384698
386186
387151
387313
387615
390958
391092
392043
392691
392961
393533
393906
395328
396987
398492
398588
399632
399858
400025
400975
402686
402780
404458
404672
404798
405311
406238
406987
407097
407313
408795
410346
411191
412353
413817
414289
415174
416184
416335
416672
417290
418420
419744
420748
422415
422675
423400
423424
425606
426027
426233
427725
430488
430870
431314
431933
432798
434521
435695
439959
443360
443394
443451
443879
445844
446782
447566
447770
448386
449182
450132
450518
450651
451963
452268
452409
453178
453556
453764
454189
455397
456068
458603
459441
460210
461302
461359
462757
463438
463747
464100
465437
465648
466590
467674
468785
469512
470146
471303
472551
474046
474913
476165
478043
480752
481579
481806
483549
483616
484983
485926
488825
490423
491894
492941
493876
494158
494517
495840
496681
499003
500015
500262
500303
500738
501271
502313
503279
503770
505459
505974
507761
509017
509051
511281
511435
511696
512176
512423
512527
513964
513995
514082
515253
516322
516552
517024
519292
520008
520368
520857
522783
523237
523722
524109
524669
525164
532733
533569
533686
535049
535698
537468
538175
540300
540406
541244
541455
542039
542214
542499
543567
544693
547603
548341
548842
548940
549137
550353
550898
552048
553889
555500
556679
556709
557107
557802
559183
559400
559855
561793
561907
562854
565302
567217
567700
569434
570484
571298
571742
572228
572684
573863
574329
575177
576082
576214
578225
578331
578786
579983
580591
580613
580789
580915
580976
582415
583225
583252
583364
583778
585823
586443
587715
587860
588267
589823
590428
590884
591844
592909
593901
594153
594427
594744
596125
599318
599330
600697
601563
603339
603399
603551
604513
605659
605852
606241
607508
607777
607873
609301
610124
612721
613978
614122
615016
615181
616180
619041
619669
622604
623056
623130
624042
624294
625705
625794
626301
627345
627689
627778
629911
631199
632633
634760
635195
635224
635454
636736
637115
637236
637559
637920
638172
638527
638640
639351
639880
640083
640665
640899
642967
646776
647717
647872
648012
648530
649066
650236
650654
650757
653849
654839
655817
656300
657359
657397
657553
659811
667380
667621
669080
670270
670580
672058
673367
675091
676140
676399
678466
679065
679453
682439
683404
683836
684149
684528
684947
686948
687834
688207
688984
689064
690011
690050
693296
694033
694036
695626
695993
696421
696599
698037
698716
700440
700860
701024
702619
702747
703234
703247
703918
704794
704970
705400
707697
708848
710291
711060
712183
713402
714099
714786
715316
716122
718451
719532
720155
722003
722635
722722
722738
723609
724173
724607
725514
726066
727072
728120
728299
729521
730667
731625
732158
733114
733461
734646
734786
736670
737632
737914
738748
742315
743953
744878
746678
748366
748388
750132
750155
750366
751171
751332
753155
753457
754317
755190
755190
756203
756839
759477
760296
761754
762446
762973
762997
765138
766332
768377
768781
768978
769208
769547
770847
773177
773893
773908
774404
775351
775709
775874
776076
779587
780075
781742
784805
785836
786546
786558
791762
794320
794430
794601
797761
798981
799559
799595
800364
800854
801209
802053
802677
802737
803525
803600
804676
806664
811533
812278
812907
814511
814513
817189
817219
818244
820945
822589
825929
828309
828470
829043
829597
831257
831591
832149
832311
833182
834728
834844
837785
838031
838264
839535
841180
841520
842137
843638
845020
845210
845547
845922
845928
846324
846596
847580
847892
849932
850827
851734
852238
852746
854785
855164
855782
858555
859801
860283
861948
863490
864830
865133
865169
866926
867225
867555
867690
870108
870128
870667
870735
871546
872553
872603
872855
873553
874442
875750
877082
878814
878870
880266
881398
881964
882918
883614
885107
886529
886741
886834
887478
890187
891168
893380
894221
895448
901081
901671
904511
905583
905790
907451
907920
909275
912186
913363
913917
914887
915315
916304
917196
917452
920118
920304
920875
921060
921402
923991
924054
924944
928382
928780
930358
930525
930573
933005
933993
935111
936410
937670
937728
941053
942488
942711
944231
944550
946782
948842
949666
950684
950868
953366
954090
956801
957929
960679
961157
961346
961699
964542
965896
965988
968028
970109
970622
973872
974767
975066
975722
977181
979773
980607
981778
984631
984910
989561
989610
991092
994600
994944
996387
997758
997864
998689
999204
1000
135
1747
1842
3478
4402
5718
5772
6446
7130
8325
9870
10306
11320
13068
14886
15923
16597
16789
18160
18322
24073
25312
28616
29042
30624
31209
31266
32526
34285
35319
35492
35559
36489
36836
38245
38951
39105
43018
43106
43824
44225
44632
44969
46244
46327
46693
46798
49470
51307
52971
54649
55457
58409
58628
58912
59857
60315
60728
60730
63334
63935
64885
65684
67864
68560
68821
68855
69883
70452
71471
75324
75368
76370
76622
76794
77339
78601
81031
81256
81484
81956
84625
84833
85572
86057
86395
87803
87894
88513
88546
89395
89492
89809
92107
93055
93860
95229
95775
97372
98087
99184
99933
100147
100274
101538
103482
103711
103848
104959
105516
106473
106793
107306
107384
107953
109372
110476
110756
110805
111033
111429
113040
113884
114265
116672
120809
123339
124009
124350
126394
127386
127945
128096
130045
130638
131597
133039
133397
133823
134983
135007
135751
135964
136000
136300
136713
138229
138297
139203
139909
142084
142859
143291
145933
146339
147749
149096
151880
152748
153210
153384
154548
154560
154731
155220
156022
156424
157117
157133
157948
159013
160073
161822
162041
163293
163519
167297
167889
167906
168424
170324
170339
172047
172649
172677
172920
173394
174079
174196
175106
175160
175725
176093
177048
177199
177664
177706
178222
181612
182458
183338
184971
185831
185988
187348
189329
190443
194154
194945
196313
196404
196447
199373
200249
201639
203485
204623
206434
207253
208236
208850
209115
211000
211297
211456
212183
214507
215916
216362
216420
217110
219203
219841
220343
222165
225034
225888
226254
226412
226533
226844
227130
230241
230578
231209
232940
235179
235651
235882
235894
236031
236775
237939
238017
238705
239100
240046
242443
244236
244236
244748
244909
246259
246554
246691
250125
252851
253378
254760
254803
256193
257397
257777
260624
261603
262304
262505
262980
266058
266232
266641
267583
267749
268844
269304
273507
274043
274141
275206
275220
276382
277698
278496
278611
279283
281621
283430
284101
285715
286069
289352
290803
292782
293488
294048
294139
294505
294585
299656
300831
302327
302687
304028
304123
305355
306740
307697
307957
308804
309222
309506
312085
312798
312840
313488
317218
319785
320963
321342
321719
321784
322120
322406
322830
324479
324785
326675
326957
328524
328527
328685
331009
331807
333111
333140
334007
335040
335383
336099
337679
337911
338432
338498
338637
339226
343267
344343
346943
347645
349659
350776
350939
351159
352528
353056
354408
355687
356082
356215
359318
359612
360080
361094
361200
361958
362122
364142
364752
365223
367137
367163
370605
370945
370946
372384
373131
373670
374546
374943
375759
375928
376429
377735
377974
378163
378534
379275
380744
381141
383591
384296
385094
385207
386154
386832
387127
388276
391518
392310
392453
392981
393263
394461
398179
398797
399356
402445
404666
407813
408570
409224
411237
413857
414594
414598
415092
417821
421203
421222
421314
421388
421512
423548
425566
425971
426381
428328
430956
431863
433495
433955
436103
437017
437117
438848
439713
439914
442024
442728
443615
444400
444502
445263
448054
448079
448381
449116
449662
451750
451889
454070
454526
455823
455936
456092
457813
457909
458018
458365
461267
461694
461758
466439
467224
467717
468213
468757
469688
469736
471880
472259
474077
474290
475528
476747
476988
477068
477713
477950
480553
481087
481546
481751
482492
482693
483528
484316
485442
486671
488348
488467
488729
489147
490795
492303
495636
498804
499506
500276
500340
503184
504057
504570
506154
506754
507678
508587
509654
510437
513422
516122
516853
518478
519137
519729
519868
520863
520892
522227
522798
523810
524396
525026
528179
528278
528582
529064
529435
529766
529802
531531
533174
533895
535019
535765
536658
538112
538828
539123
539538
540320
540620
541020
541134
541319
541332
541718
541826
542110
542859
542912
542929
544109
545971
547282
550498
550715
552994
555847
556567
556598
557331
559008
559024
559089
559835
559947
560756
560894
560935
564038
564131
566379
567383
569264
569801
570342
571181
572582
572955
573712
573742
576198
577645
578423
580228
581414
581627
584326
584493
585178
586399
588985
589567
590809
593627
595846
595980
596594
596777
599634
600013
600051
600408
600899
603244
603459
603917
606383
606951
608404
609860
610017
610093
611845
612598
612930
613325
617551
618384
620019
620033
620465
621647
622882
624602
624613
625695
625914
626754
627508
628084
629328
629523
630007
630305
632030
632430
632662
632916
634012
634623
636038
636298
636320
640223
642002
642566
643001
644507
647416
649814
650300
650429
652657
652998
654306
654760
654886
655139
656192
656349
656420
657890
658277
658564
658964
659648
660216
660443
660629
660905
662129
663464
664928
666179
666433
670454
671502
675050
678797
680840
681042
681553
681804
682786
684543
684592
686181
686975
687616
688052
688550
691285
692439
692856
693300
695802
698599
700667
700945
701938
703510
704278
704804
705330
705837
706385
706412
706704
706981
710021
710469
712243
713858
714162
715078
716089
717084
718460
721777
722699
723364
723756
724071
725730
727328
727671
730627
731171
731232
732324
732861
734623
737277
738020
739712
740019
740278
741174
743150
743727
743889
744736
745436
745939
746557
748552
751109
753352
755624
756462
757283
757474
757889
759023
759189
759268
759313
759484
760008
761841
762855
762859
763450
763577
764529
765543
766344
767860
769074
769627
770814
771196
772440
773351
773740
774603
775134
775497
779672
782438
782923
783171
783500
783941
787206
791034
791066
791531
791781
794069
794939
795085
798762
798861
799559
801412
801829
802037
802042
802164
802206
802430
802809
803740
804130
806570
807420
807675
809378
811045
811641
811787
812629
813025
813336
814814
816062
816272
818640
819154
819329
821614
821856
821990
822524
825193
825396
827396
828140
828812
829535
830356
831971
834310
834395
835621
836586
836590
837871
838643
839183
839858
841241
843204
843538
845100
845204
845264
845453
847005
848716
848910
849672
850244
850248
850490
852033
853689
854009
854047
855512
856326
856547
859056
860188
861182
862287
863981
864231
864583
866376
866940
868020
868445
869230
870165
871563
872544
873882
873907
879642
881001
882605
883011
883974
884265
885302
885416
886702
886758
888672
889098
891160
893007
893928
895086
897397
897849
898198
899124
899176
900979
901948
905526
907090
907153
908486
908663
910720
914740
915069
915176
916675
917560
922550
922647
923425
923622
924212
926576
927618
928041
928315
929473
931030
931215
932282
932702
934604
935491
935505
935621
938675
938953
940935
943072
944552
945207
946252
947901
948351
948876
948997
951665
954834
955020
955376
957514
957951
958512
959127
959991
962711
964643
964678
964884
964971
965113
965185
965302
968627
969033
969848
971382
972475
973175
973766
974832
975357
977601
977915
978665
979411
979609
981818
983042
986855
986969
988146
989239
991818
992515
994777
995678
997297
997363
999064
999827
1000
1619
1681
2129
2761
3592
6280
7576
8503
9233
10351
12426
13427
15255
16116
16177
16472
16827
18722
20620
21161
21276
21869
25245
25556
25954
26642
26752
28637
29097
30318
31249
31415
32024
32580
32599
33519
35135
35433
35472
35644
36995
37290
42953
43346
44601
45450
45958
47388
48943
50389
51894
53821
54747
56955
57815
58414
59068
60142
61680
62599
62830
64726
67193
68065
70430
71017
72026
74494
76119
76279
77482
77504
79371
79511
79971
83249
84037
84230
84453
84492
84771
85316
86320
88741
89504
89844
90736
91209
91688
92374
92712
92917
93607
95343
95854
96380
96552
98085
98134
98384
99141
99544
99772
101450
103549
104923
105395
106338
106378
106437
106716
106932
108965
113048
115724
117594
117743
117788
118494
118972
120007
120890
121873
123638
124460
125580
126596
127857
133599
133910
136840
137141
137236
137289
137603
141289
143085
145920
147465
148300
149184
149891
150794
153394
153892
154582
156371
157736
159207
161125
161491
162829
163824
164905
171031
171470
171947
171969
173435
175153
175862
177013
177312
177867
178231
180414
180992
181190
183032
186541
186865
187200
189365
189987
190480
191774
193689
195779
197492
200428
201293
201579
201729
202232
202801
203280
205825
206083
208018
209356
209708
210834
212466
212979
213274
215293
215389
215480
216084
216086
216687
219205
220624
221289
221494
223610
224296
224551
225242
225578
228594
228697
230368
232797
233048
234542
234635
235739
236137
236665
240153
242959
244354
245125
245379
246134
246184
247332
249352
250300
251494
251583
251720
251861
252146
252660
252708
253313
253572
253652
255077
256255
257824
258312
259955
260349
260679
260899
262332
262461
262710
263483
263730
263904
264372
265537
265971
266809
267360
270567
270860
272082
273562
273601
273682
273896
280304
280621
281848
282099
285215
285596
287235
287811
288558
288755
289466
290535
290694
293433
294204
294766
295363
297108
297123
297947
298057
298286
300084
300231
300333
300571
301804
303190
303991
304704
305141
305503
305944
306674
307277
307595
307967
308251
308640
308917
309890
309919
310216
310406
311399
312074
313026
313666
313705
313728
314202
315057
315468
316639
316713
317020
318062
318938
320882
321070
321329
321894
322323
324632
325059
327291
327362
328438
328561
330009
330627
330835
331305
334312
335224
335273
336195
337062
337618
338440
338875
346552
347973
348370
348822
349327
349638
349804
350122
352234
353346
353967
355916
356387
357378
358026
359608
360910
361270
361435
362820
363842
366302
366761
367662
368342
369246
371479
371811
372641
374094
374224
376196
379277
379683
379891
380040
380776
383583
384454
386068
387291
388933
390595
390752
393094
394589
395257
395621
395641
398308
400360
400402
401832
402934
402957
405666
405867
408039
408437
408972
409113
409225
409871
411709
413195
413681
413766
415528
415886
416054
416093
416229
416295
416489
416501
418373
418885
419843
420150
420858
421994
422104
422136
423153
423474
423680
424050
426039
426102
426577
427014
427563
431438
434152
438204
440496
443399
443641
444419
444655
444972
445222
449916
452623
454997
455038
455229
459492
463814
464229
465841
466106
466604
466891
468575
469243
469624
471971
473890
474368
474436
476798
477837
480003
482083
484186
485219
485428
485976
486261
487346
487854
488581
490379
491956
492378
494151
496363
498202
499305
499601
499985
500017
502195
502220
504034
506166
507137
507311
508564
509677
511032
511970
512282
513001
513173
513879
516156
516883
519629
519640
519653
522734
523174
524838
525477
525817
526287
527889
528428
528483
529549
529903
530603
530929
531222
531831
532252
532365
533851
534552
537031
538824
539286
542166
543145
543511
543919
545165
545454
546443
548635
551084
551263
551522
551678
552024
554196
554440
555023
555708
555989
556946
557443
559367
559572
559964
561510
562919
565107
565261
566205
566298
567839
568767
569155
570181
570447
572948
574388
577458
578992
579433
579553
580856
580902
580995
581178
584038
584951
585796
585943
587670
588373
589435
589530
589733
589942
590279
591430
596251
597576
599718
601831
602531
603224
604139
606893
607373
610216
610293
610512
612524
612746
614333
614407
617189
618839
618972
619706
619904
620539
621420
621742
622312
622903
623062
623432
623573
624395
624463
625016
627287
628548
628612
628663
628947
629070
630664
631787
632820
633552
634462
635151
635211
636719
636818
638230
641399
642369
644333
645597
647391
647797
649574
649789
650161
650764
652385
654036
654060
655147
655253
657031
657169
657412
658379
658668
659019
659028
659298
661909
662278
663931
663979
664004
667876
668064
668412
669002
670970
671684
672562
673320
674707
674940
675036
676650
676826
677766
679125
679194
679791
680324
680860
682927
683426
684312
684917
685463
687445
688237
688811
689219
690318
692449
694918
698476
699795
700077
700367
701000
701292
702202
702994
704440
705510
706219
706372
709040
709525
709808
711374
712025
715949
716862
717966
718633
720104
721768
722672
726596
726627
729474
729631
730808
732036
732103
734442
734992
735236
735593
736420
737646
738514
738592
738629
741454
742887
744963
747322
749614
750023
752395
754302
755432
757442
758264
758742
759002
760469
761422
764466
764804
766535
768601
771665
771804
773191
778570
779485
779696
779790
782713
783960
784345
784626
785159
786825
787889
788160
789787
790333
790385
790441
790490
790943
791162
792478
792874
793554
794455
797245
799004
800611
801497
803200
803703
805423
805457
805650
807277
807373
808128
808471
809209
809237
809861
810384
812731
813919
815488
815775
816126
816778
817496
818519
818586
818967
820189
821962
823184
823382
824151
825756
825787
827033
830334
830669
831272
832308
834115
836236
837814
838338
839736
841068
841701
842567
842908
843525
843766
844301
844768
844992
846362
846478
848097
848197
849013
850037
851225
851578
851686
852561
854271
854916
854922
855541
856342
857054
857550
859533
861538
861744
861880
863553
864901
865831
867064
867416
867667
869094
870173
870195
873044
873794
873966
874202
875643
875687
875843
875871
877088
877209
878576
879626
879873
880176
880444
880710
882428
882796
882870
884919
887043
888668
889381
890522
891526
891654
892220
892680
893725
893858
895255
896069
896555
896612
897397
897509
898618
899995
900386
901194
902841
902999
903333
903454
903906
904887
905219
906037
906393
908994
910912
911051
911619
911656
912692
916449
916573
916899
917955
918178
919640
920509
921623
921912
923643
924084
924272
925055
926257
927457
928714
934034
934048
934554
935055
935684
936549
941497
941704
942288
942403
945802
945971
946209
946529
947716
949192
950455
952344
952350
952967
954655
955750
955974
956043
956052
956698
956902
957741
958917
961989
962603
962847
963575
963717
964225
965418
968838
968892
968991
971173
971436
975067
976135
976315
976872
977758
978807
980090
981197
983730
984114
984826
989053
989245
989402
989784
992912
993033
993197
994153
995230
995485
995538
997417
997892
997985
998815
1000
26
211
651
752
1082
2150
3053
3313
4071
4664
6454
6518
7001
7306
7960
8911
10239
10509
11450
11574
13190
15718
15866
16963
18038
18856
21950
22255
22352
24072
25846
26279
27316
28377
29073
30568
30896
33210
33411
35726
36212
36874
37273
38198
40069
40538
40663
41501
41897
42167
43489
43588
43674
43974
44133
45490
46026
47425
48081
48821
49058
53125
54255
54347
54922
54958
55334
56280
56419
56653
58282
59074
60441
60526
62216
62635
64809
66208
66238
66870
67146
68328
69688
70361
71010
71933
72490
72621
73586
73687
74154
75075
76037
76864
77398
79447
80051
80277
81215
82514
82683
84164
85457
87375
88499
90234
90897
91394
91811
92082
92940
94730
97353
97427
97671
100631
102439
103142
104146
104264
104783
105570
105946
106031
107447
108963
110709
112294
112779
113132
113187
114161
117188
117735
121107
121138
121484
121585
122005
122922
123612
124355
125889
126670
128063
131741
131868
133056
133110
133345
133539
134482
134625
136149
137280
139307
139741
141410
142935
143643
143941
144449
144627
146894
150140
151139
153570
154293
155609
155666
156374
159590
163500
165102
165245
166015
167441
169185
171360
171736
172159
174385
174422
178026
180026
180330
180632
181479
183248
185292
185328
185934
185994
186849
191935
192590
193033
193562
194474
194860
197151
197382
197878
197934
200281
202480
204460
204612
205030
206545
207423
207745
208947
209151
210945
211373
212181
213233
213259
214314
216636
218208
218246
218707
218772
219738
220135
220186
220870
221784
221946
223490
224624
228217
228711
229037
230157
230443
234440
234939
235907
236263
238596
240612
241913
242154
243720
244884
246074
248505
248537
248814
249556
250926
251164
251417
252741
256393
256546
256650
259523
259770
260419
260746
261489
265032
266103
266116
267243
267754
267867
268913
270520
270897
273796
274170
275897
276431
276454
276750
277565
278732
279834
280227
281385
282493
283600
284602
285012
285493
285907
285965
287082
288483
288703
289718
290640
291538
291814
291909
292874
292921
293301
294147
296899
297125
298787
299861
300213
302201
306110
306279
306363
308448
309354
311746
312530
313465
314025
314188
315483
315650
315858
316379
320132
321112
321851
323895
326342
327251
328061
329634
330299
331107
331991
333954
334868
335237
336080
338528
340094
341452
341657
341720
344639
345263
346276
346920
347191
347252
347472
349535
352294
354352
356921
357967
358651
361160
361583
363090
363655
364521
371896
372078
374712
375045
375116
375574
378517
378535
378742
378972
379119
379376
379398
380867
381747
382204
383195
383581
383682
384348
384461
384697
385149
386180
386938
389026
390742
391461
392059
392197
392435
392867
393966
397700
397877
398737
399197
401531
402553
402743
405581
405769
407020
407414
410094
410687
410842
411246
413050
413100
413705
413729
414265
416456
418025
418139
421200
422664
422935
424253
426228
428825
429165
429499
432240
434134
436267
439394
439844
439857
440670
440895
443297
443681
443939
445880
445901
449023
449622
449778
450323
451184
454309
455584
455737
456901
457661
458030
459291
463177
464443
464976
467308
467834
469071
469720
470037
470279
472469
472544
472915
473152
473410
473986
477026
477378
478009
478627
479046
479423
479892
480789
481200
481447
481482
481987
482031
482146
483494
484798
486528
486745
487111
487277
487908
488478
490704
491450
493417
496521
497008
498300
498609
499392
500966
503732
503793
503810
504426
505467
505485
506894
508705
510057
511000
511458
511586
511672
513522
514186
520184
521233
524109
525002
525563
526926
527509
527952
528122
528326
528455
530482
534573
535069
535986
537821
538654
539502
540063
541501
541573
543448
543924
544090
544612
545379
550819
551712
552071
552149
553091
553393
554207
554809
555923
557761
559127
559500
559868
560400
561533
561937
564014
566939
567180
568653
570197
570200
575472
575504
576222
577630
579038
579926
581290
583325
584051
585249
585378
586507
586892
587927
588463
590106
591064
591620
591668
594197
594549
594817
595903
596008
596226
602549
603471
603660
604095
604149
604659
605477
608539
608684
608767
609385
609773
610027
610035
611199
611430
612678
613620
613863
614205
617024
617030
617698
618203
625608
627460
628468
629798
630230
630560
631516
631591
634408
634696
634820
636359
637949
639346
640378
642761
645609
645730
645989
646022
646796
646797
647639
647802
648125
650698
651768
653061
653097
654208
654874
654968
656071
656920
657092
658290
658341
660005
661413
662484
663056
664020
664085
666586
667384
667896
668213
669552
669996
670818
671468
673842
674894
676113
677238
677599
678190
679794
680044
680574
682852
683001
684155
684410
686570
687096
688733
689768
690039
691147
691557
691876
692668
694500
694945
695971
696667
696768
697665
697954
699031
699458
701084
702165
703417
703439
705681
706155
706451
708259
709453
709486
709830
710011
712821
713621
715007
715504
717144
718967
720683
721306
722882
723247
725228
726984
727701
728235
729613
730920
732189
734635
736608
736707
736967
737237
737426
738774
738792
739473
739638
741582
742344
743128
743332
744555
745089
745317
746641
747598
748117
748647
748717
749119
750331
751068
752615
754181
754916
756122
757847
758448
758638
759296
759842
759984
761555
761563
761685
762563
765446
766244
766253
766348
769389
770328
770396
770454
770714
771500
772687
774209
776879
777124
781327
781767
782080
783476
783946
784122
787049
788478
790786
791484
792426
793137
793560
794662
795242
797857
798944
799028
799092
799126
799422
799569
802188
804150
806649
807063
807472
807478
808325
808411
809587
809805
811035
812422
814550
817075
817317
817523
817678
817901
818872
819441
819992
821597
821868
824979
826008
827145
828559
830852
833703
834904
837676
838227
839102
839445
839556
840115
840912
840963
842341
842600
842758
845689
845768
846211
847110
847129
848089
848629
848835
849443
851191
852071
854135
854568
855196
855987
856294
856945
858868
859206
859405
862178
862875
863337
865315
865744
866367
866383
868931
869204
870865
871277
871579
872368
873308
873643
873793
874064
874697
876619
877545
877751
877852
877889
878726
880681
881801
881853
882056
882059
882282
882520
882595
883170
885650
885916
886035
886441
890803
890907
891286
891929
892180
893271
893844
894840
894980
895598
895895
895974
897739
898123
898258
900016
901608
902247
904733
905097
905501
907196
908213
911063
911405
912462
912803
913287
916372
917329
917398
918770
918900
919039
922128
922142
923331
925244
926829
927199
927233
927808
929379
929432
932474
932552
932684
934322
936530
936568
937332
938706
939562
941079
941253
942841
944251
944645
946969
950114
952393
954219
954771
955282
957162
957301
958330
959607
963146
963504
964354
965142
965994
966215
966745
967312
967645
968665
969296
969607
970780
972066
972110
972508
972748
972925
974429
975187
976503
976684
976955
977740
979025
983481
984281
985741
986211
987360
987969
989401
989904
991055
996292
997804
997860
997965
998511
1000
477
780
1252
2415
7010
8886
9253
9267
11050
11223
11616
14088
15147
16357
17893
19063
19852
21803
22613
24373
28164
28485
28706
29573
31034
31373
31705
31850
33045
33115
33428
33765
33887
37406
38237
41024
41692
41939
42140
43449
43762
44703
45491
46115
46600
47735
48194
48897
49202
49368
55213
56335
57397
58357
59408
59758
61400
62069
63346
65430
67344
68025
68293
68939
75644
76854
78161
78772
79063
81930
82151
85346
85807
85831
85951
86086
86563
86772
88238
88634
88846
92474
94754
95098
95197
96434
97439
98589
98910
100768
101135
101217
101583
101671
101700
103951
106645
107045
109220
110227
110893
111433
113322
113392
113681
115816
116550
117185
117645
120937
121573
123209
128750
129296
129735
130119
130826
131764
131812
132282
132628
133728
134192
135797
138107
138620
138734
139943
141233
141530
142942
143885
145069
145446
147481
147972
149390
150180
151625
153681
153997
154843
158860
159093
160024
160763
162291
162776
163311
164255
164260
164770
167807
169534
170240
171266
171363
172134
173866
174891
175583
175964
177843
178587
178910
179425
179602
181398
182181
182208
183239
184646
184728
185302
188378
189948
191802
192426
193819
194989
195603
196938
198328
198463
199566
201344
201520
201862
201892
204104
205387
205913
206038
207123
208085
210732
211447
211850
212521
214121
214417
214528
216601
217776
218564
219310
220223
220893
220980
221298
224270
224312
226574
226724
227998
228147
228935
230175
230671
231744
232452
234625
234707
235122
236022
236457
236494
236969
237637
237678
239218
240548
242528
242687
244059
244356
245067
245191
246941
247840
248031
248485
249385
250754
250930
251587
251859
251924
253240
253284
254305
255228
256258
258142
258330
258498
261094
261246
261996
262468
262627
262866
263666
266018
266256
267338
268091
268519
269343
269444
271250
271583
272887
272998
273143
273639
274306
275041
276468
276937
277144
277823
278288
278602
278955
279114
280033
283807
284504
284709
286248
286531
286830
287645
288222
288506
291335
294355
294535
294551
294733
298065
299748
300180
301308
301826
304840
304947
305031
306701
306842
307218
308467
309167
309516
309675
310528
313344
314037
314894
316316
318960
322287
323092
324972
326979
328894
329868
330789
332065
332676
333020
333670
333811
335166
335403
335863
335978
337510
339911
340716
342321
343222
344403
344690
345517
346039
348974
350226
355394
356440
357722
357956
362019
362530
363916
364054
366088
366375
366976
367852
369862
371016
371873
375813
375985
376985
377066
378278
378851
379791
379807
379940
381759
382463
384420
384570
386164
386377
387485
387756
387830
388513
392441
392847
393124
393450
396902
397666
397771
398977
399158
399994
401107
401767
402652
403126
403266
406174
407219
409363
410658
410741
412097
412288
412764
412924
412949
414107
414943
416479
417687
419713
419732
420683
422081
422362
423444
424080
424108
427909
428275
429049
429727
430160
430745
431348
432430
434694
438356
439656
441184
441816
442593
442723
442950
443862
445499
445574
445918
448410
452031
453781
453987
457001
457417
457777
459563
460747
462516
462912
462992
464783
465060
466139
469315
473742
476856
477537
477577
478104
478868
479254
482011
482138
482826
483433
483780
486520
486736
487243
487459
488878
489401
491384
492041
492666
493806
494754
494871
495195
495891
496250
496864
498656
499628
503351
503588
503650
505710
507210
508164
509456
509489
509714
510068
510406
511305
511932
512776
513027
513463
514504
515880
517237
517570
519203
523776
523880
524121
524215
524529
524735
525023
527038
527543
531485
532656
533318
535439
537043
537500
538308
539289
539300
539868
541122
541786
543882
544632
544670
546429
549034
549396
551102
551891
552110
552220
552240
553085
553540
555101
556232
557331
558858
559998
563671
570501
570928
571271
573557
573903
574227
574959
575418
575674
576473
577042
579235
579276
579336
580171
580613
581118
581750
581832
582593
583014
583276
584556
587425
587471
591299
591837
591906
594358
594640
594766
594781
595228
595318
595692
596262
596290
597695
599817
600749
601567
603816
604299
606115
606777
607468
607477
608575
608814
609626
611274
612046
613549
613718
614997
615265
616047
617253
617531
619377
620281
620916
620985
621632
621708
621743
622270
622280
622508
624773
625491
626408
626701
626927
631752
632359
632512
632702
633222
633232
633271
635012
635253
636680
637447
638122
639728
640620
640881
642963
643929
644483
645008
646205
647427
647804
648738
649940
650992
651595
652798
652809
653109
653172
655760
655936
657288
657563
657678
658346
658495
659825
660436
660522
660681
661019
661404
662213
663727
664015
664475
665211
666966
667844
669521
670468
672931
673381
675545
677471
677676
677738
678274
679344
679357
680254
683506
683823
683826
687155
687399
688634
689191
692619
692836
693552
695803
695852
697408
699097
700842
701236
703575
703598
703668
704077
704387
704579
705307
706871
708663
708738
712631
714011
714286
715853
717111
717808
718168
719148
722756
725499
727521
728603
729496
730273
732423
732811
733382
734806
736006
737127
737340
737832
741045
743002
743635
744147
745197
746078
746473
747095
750227
750998
751098
751495
753901
754048
755943
756168
756712
757857
758605
759137
762415
763420
763734
763991
767407
767505
768354
768860
770776
770973
773818
774002
775559
777813
777814
777898
779285
779721
779728
780641
781271
781371
781946
782283
782422
782582
784605
785242
785552
786499
788199
788535
788625
788956
790479
791718
791814
792399
792519
792699
792979
794914
795278
795727
795880
797138
798621
798668
798978
800890
803690
804731
804836
805057
805434
806224
806618
807524
807690
808782
809747
812552
813915
814378
816231
819080
820478
821054
822735
823032
824764
827705
828398
829087
830298
830645
831852
831856
833349
833996
834904
835546
837511
839078
840520
842950
843587
844242
844957
847700
847831
849607
850005
851058
851222
851259
851259
852035
852563
853327
853985
854163
854864
855518
855925
856615
859959
861363
862036
862585
863044
864967
865483
865523
866975
867337
867846
868571
868961
869109
869592
869603
869800
870126
872693
873366
874033
876314
876356
876960
878556
879605
880962
882672
883151
883702
883977
885349
886305
886665
886903
888420
891856
893035
896207
896800
897224
898281
900740
901229
902542
902712
905295
905557
905748
905999
907000
907514
908803
910799
911615
911962
913170
914313
914493
916621
918343
919872
919899
920505
922107
922638
925078
926031
926694
928511
928947
929243
933815
936687
936697
938224
939313
941800
942400
942491
943516
943536
943845
944203
945184
946373
947605
947644
947949
948428
948613
948645
949790
950440
951110
953049
953249
953770
954880
955211
955610
955659
955663
958281
958493
958801
960235
960432
961084
961811
963269
963838
964003
965123
966208
966522
967396
967751
969137
970616
972342
973048
975348
976799
978634
978878
979333
979654
982713
982935
985281
985338
986506
986518
986700
986917
988314
988752
990996
992850
996251
998962
999431
