4431
44576
50785
61414
67767
69564
72676
73389
78144
81822
82758
93894
95282
103570
114526
127547
129907
134439
135296
160104
180499
182773
199870
255456
263171
278214
282523
283796
286009
298589
304540
317572
327802
337515
337928
345300
362071
369653
379190
380819
387723
430566
434515
449965
451716
453044
504150
514776
517441
531038
539601
540249
547473
567827
571754
575346
576324
577022
600104
609649
615034
618812
632277
641034
649174
671448
678697
680539
681570
695990
696576
712345
743058
746601
750854
760897
765339
779147
815739
823312
825595
832978
834559
844719
848164
848473
848703
865656
883294
889449
897227
900851
925011
937225
940434
967608
967777
980665
986807
990758
