10
100
9608
15979
19778
22552
22855
23081
30337
52212
55740
68070
74712
82485
85896
89805
103035
112269
128339
129886
150464
162987
166412
191102
193983
197292
234229
237558
255128
258155
296882
297865
320775
323869
333976
334189
358906
379986
387483
390575
399578
413705
424384
428066
431549
439929
440573
449249
473999
481100
487921
489558
494077
501635
510197
516417
527424
531694
537577
543532
554190
554681
568028
568345
609465
613176
626860
640214
648248
651537
663947
667041
668405
680932
688853
689938
703796
705219
710710
721798
728092
734383
737973
742402
780837
795542
799344
801428
810407
816825
823235
913194
916786
923514
924568
943171
944064
945539
957534
984042
989697
992629
100
139
4830
20357
35713
61492
63966
70909
74613
77354
79020
106191
129465
144863
146089
162999
173731
189024
205234
205528
211393
242774
244565
244765
269440
270650
278182
283335
288573
302705
304016
306122
312449
322313
328824
347544
348757
350191
352958
360950
378815
384414
422315
447923
448716
452517
459688
461085
480917
483521
486289
487609
498248
498386
525607
529726
534473
534511
544023
545421
564470
587784
613162
616219
616416
638563
690623
695771
700412
706662
708490
720539
737195
744042
764586
768089
781378
781893
782308
783676
791364
791493
800212
803290
809660
814848
815555
817525
842975
872594
873832
876636
878449
883175
894666
896097
896610
921706
933859
952979
958701
100
562
1192
58133
79789
82732
98677
105387
106063
138665
140221
153800
183308
188825
202527
208394
210880
237995
240872
241901
248226
250667
260534
274546
275592
287124
287859
296309
316357
328771
352522
354621
356820
358932
359955
375904
384991
385310
409341
411297
427079
460366
460863
462457
469287
505801
516683
521778
525181
526236
532876
542375
553297
587937
589566
594991
595850
607099
611300
617623
639127
645623
648919
656964
679606
680714
693267
693280
705337
719776
720702
724728
729099
749933
763470
770225
795305
804796
811607
812683
820465
827234
851228
859159
860731
860768
862819
870600
874659
893344
898482
905228
905502
910802
923682
924124
924257
948255
963108
974435
996800
100
1721
7508
18247
27036
33536
41988
43432
44524
45584
48173
51904
60741
62614
87417
110212
114474
118780
132058
140703
141215
169299
171861
187248
192004
202520
217887
224436
233449
234439
270760
293924
301499
305527
324536
326749
354668
362507
386156
387895
395901
401416
413175
415170
421203
421530
422916
423611
474175
476784
494674
501488
530923
534369
534699
573634
596429
607465
613771
630094
635124
657412
661652
661707
675079
690465
695583
701967
704209
704439
704775
708739
713649
728025
733484
751586
752688
756740
766545
798195
798683
803004
825151
838605
842413
846218
851814
853452
874771
877008
896622
898229
914208
915770
934230
934543
940367
962345
981736
982768
995733
100
19726
23507
44387
45546
67388
88697
90811
97904
104824
110738
113396
116807
118778
136814
141904
149876
159771
164863
168061
169242
175402
179634
190884
197499
219742
232692
234661
248122
254270
265322
279245
286655
291184
291473
294957
309966
313189
325204
334854
334949
342635
343144
380848
393366
396225
418844
420164
428445
434207
434738
448737
456976
467278
467690
489128
494844
506530
507979
510788
523572
531808
544304
546689
550006
567416
571831
583957
589316
591920
606565
644872
674134
685048
745108
761241
786259
790942
811856
820514
837675
840253
847186
852778
854442
858015
869792
875589
885764
894815
903189
910105
910212
939059
947097
955185
961530
971846
973802
977494
984802
100
12240
17736
43355
52214
55626
91534
92032
151969
158498
162713
186462
191206
191309
195242
204541
215937
217690
219733
236198
258946
266432
287392
299364
301659
331509
337553
344838
349252
349518
354654
362387
366742
368285
368350
373596
376396
383941
385363
399884
408916
412165
417270
430082
431139
452325
454249
464721
471767
486744
491412
491833
491859
496456
507822
515719
543584
548064
574581
580877
592328
598001
607245
622965
622975
637229
656982
665495
676333
688073
697075
713735
725743
727234
738741
752984
772180
777272
791382
798683
815890
816923
826974
829005
830786
832667
833065
849880
850367
853235
863576
880469
881157
886467
888475
895154
914844
930783
950899
958637
997971
100
10311
16438
31755
42894
62967
84863
90412
99600
102417
109840
115189
122166
123360
141217
146453
160767
171804
180285
203284
210973
212107
220179
234187
234890
241891
272031
292539
312684
325548
325769
366531
385424
387150
406190
407371
407427
419358
419539
431040
444277
444868
451397
462341
468953
482267
485259
526248
527646
533813
533908
557211
560743
592389
593000
594879
605854
648810
650016
664481
670903
689868
691385
717188
721268
721782
726904
728278
734497
755051
762568
771643
772913
774714
781564
786751
787775
790139
799167
809986
814361
819981
830817
837617
851751
867880
880598
894816
896167
900439
909682
915996
920594
923938
939746
939874
944895
948693
983826
986756
994671
100
15454
18101
24803
33061
38725
42309
52247
54588
71105
71938
86354
87074
91800
99167
102584
106428
113216
143331
158968
163263
171369
177283
187370
202953
211484
216353
235759
242285
260051
273243
296358
303589
315147
316883
325858
366509
374745
379808
384884
387555
394015
400888
412400
429282
433069
434973
435829
441194
450571
464362
476637
493766
497589
500114
509334
519779
520216
524968
544776
555294
558454
573283
575033
587805
589246
591703
602134
606387
611280
615367
648998
655430
665517
668588
670505
673173
692691
712599
731365
735543
745570
752552
758996
769656
783405
785937
798524
811669
816386
821946
857033
859509
879108
894046
946188
950826
959272
978631
979499
991532
100
353
32827
38282
61728
72786
95163
102813
123358
124691
146792
150233
156183
157225
193184
204627
224538
228529
239561
245386
245843
264508
265326
287483
308400
309207
326621
340635
348889
354499
363984
369248
369957
371075
386405
388980
435398
471964
475089
477750
505754
522476
536854
543018
549061
557918
558841
562392
565572
582851
593754
602058
602393
628177
635482
645694
645877
649672
662735
670776
681842
687672
688762
689345
721439
728215
728953
741988
753008
754391
762830
777487
784348
804829
808968
820223
821898
828096
831303
837958
854859
855087
863998
870441
878512
883649
887892
898946
905006
905839
908024
912847
937915
950902
951263
952602
962814
971359
977502
992674
994566
100
37612
39396
47336
52555
59365
67229
87856
107074
110517
119412
124356
128268
129533
136438
139023
143565
143853
148501
153088
153192
169138
183992
191191
196094
212146
214220
227251
232545
242463
249746
251083
252854
255249
261684
273662
286282
289692
294984
296475
304124
313976
326891
327236
339334
345732
353123
353941
369956
380264
392273
398125
402045
406687
431383
436506
441318
444506
462728
474109
488291
500229
502444
516623
536054
545034
546070
558100
575290
577731
580237
612883
616462
617616
627954
647896
669043
678746
698194
729537
733463
741191
752064
758521
758937
763425
772260
772435
796939
801271
817660
818466
833664
841924
906151
945307
952165
955921
967993
980972
988976
